1 1 double
2 2 y
3 5 ;
4 2 y
5 4 =
6 3 3.1415e-10
7 5 ;
8 1 double
9 2 z
10 5 ;
11 1 float
12 2 a
13 5 ;
14 2 a
15 4 =
16 3 12312
17 5 ;
18 2 a
19 4 =
20 3 3.1e+5
21 5 ;
22 2 a
23 4 =
24 3 .123e-2
25 5 ;
26 2 a
27 4 =
28 3 4
29 4 +
30 4 (
31 2 a
32 4 -
33 4 (
34 3 1
35 4 *
36 2 a
37 4 +
38 2 y
39 4 )
40 4 /
41 3 3
42 4 )
43 4 *
44 2 y
45 5 ;
46 2 z
47 4 =
48 4 (
49 2 x1
50 4 -
51 3 3
52 4 )
53 4 *
54 4 (
55 3 4
56 4 -
57 2 y
58 4 )
59 5 ;
60 1 if
61 4 (
62 2 y
63 4 >=
64 2 z
65 4 )
66 1 if
67 4 (
68 2 z
69 4 <=
70 2 y
71 4 )
72 2 z
73 4 =
74 2 y
75 5 ;
76 1 while
77 4 (
78 4 (
79 2 z
80 4 +
81 2 y
82 4 *
83 3 15
84 4 -
85 3 7
86 4 )
87 4 >
88 3 10
89 4 )
90 1 if
91 4 (
92 2 z
93 4 <
94 2 y
95 4 )
96 2 z
97 4 =
98 2 z
99 4 -
100 3 100
101 5 ;
